493 609
344 741
104 516
711 461
772 783
218 563
322 470
591 652
278 151
502 331
336 509
267 121
220 750
777 113
558 646
434 335
146 340
109 390
689 736
298 556
745 500
694 105
492 301
723 611
100 592
283 417
336 256
754 711
435 602
786 720
638 335
592 570
217 524
449 146
553 638
565 679
696 201
473 101
314 446
330 168
390 585
494 538
588 629
503 423
324 645
797 626
508 784
378 224
386 415
200 685
543 503
349 380
207 655
168 444
207 480
687 618
534 187
688 190
181 636
662 410
280 245
146 722
343 337
446 687
691 747
367 659
416 322
294 450
238 194
330 418
596 483
242 718
425 608
336 342
790 769
640 519
191 226
138 345
453 633
487 460
401 697
396 352
152 635
193 242
770 422
219 254
393 377
417 198
116 615
491 510
594 689
437 637
410 793
570 740
113 747
393 713
243 654
769 723
729 348
792 357
238 151
253 673
118 575
419 573
258 575
665 314
545 476
740 310
668 656
167 682
138 482
361 160
534 246
236 209
392 310
421 306
720 276
411 338
296 354
217 501
529 689
537 641
448 257
788 338
143 788
385 317
483 347
363 257