493 609
344 741
104 516
711 461
772 783
218 563
322 470
591 652
278 151
502 331
336 509
267 121
220 750
777 113
558 646
434 335
146 340
109 390
689 736
298 556
745 500
694 105
492 301
723 611
100 592
283 417
336 256
754 711
435 602
786 720
638 335
592 570
217 524
449 146
553 638
565 679
696 201
473 101
314 446
330 168
390 585
494 538
588 629
503 423
324 645
797 626
508 784
378 224
386 415
200 685
543 503
349 380
207 655
168 444
207 480
687 618
534 187
688 190
181 636
662 410
280 245
146 722
343 337
446 687
691 747
367 659
416 322
294 450
238 194
330 418
596 483
242 718
425 608
336 342
790 769
640 519
191 226
138 345
453 633
487 460
401 697
396 352
152 635
193 242
770 422
219 254
393 377
417 198
116 615
491 510
594 689
437 637
410 793
570 740
113 747
393 713
243 654
769 723
729 348
792 357
238 151
253 673
118 575
419 573
258 575
665 314
545 476
740 310
668 656
167 682
138 482
361 160
534 246
236 209
392 310
421 306
720 276
411 338
296 354
217 501
529 689
537 641
448 257
788 338
143 788
385 317
483 347
363 257
315 592
388 707
395 416
547 427
231 500
615 358
162 102
494 171
595 255
617 705
683 786
213 485
719 342
773 781
622 575
457 233
488 271
703 377
137 607
378 615
457 560
133 634
153 338
389 799
183 717
530 480
718 130
644 556
120 322
619 637
316 204
230 200
185 793
334 353
218 440
277 772
368 124
407 187
328 447
678 332
636 680
435 595
550 432
555 345
616 585
676 475
103 216
310 420
237 643
761 333
266 560
587 741
554 240
795 423
515 390
645 195
402 788
348 136
107 528
604 545
488 284
756 497
416 326
342 472
788 294
315 366
520 719
232 214
667 322
205 170
690 645
380 350
758 299
701 425
328 312
638 148
423 313
623 318
111 428
247 396
334 472
795 598
187 719
150 477
340 296
472 668
105 663
306 795
355 310
225 581
174 736
548 514
782 545
592 139
693 773
116 117
687 111
456 479
246 628
671 129
464 761
625 732
488 284
729 398
167 759
235 338
671 754
560 764
507 356
598 577
711 419
502 333
217 158
402 196
341 735
501 453
745 567
516 322
731 446
651 572
536 271
180 636
229 200
309 113
673 524
110 698
439 180
198 245
715 207
406 592
149 549
372 511
127 285
327 304
532 108
296 515
492 633
790 561
453 268
287 532
566 479
423 508
486 292
250 426
390 434
655 716
470 611
726 361
230 458
517 361
755 134
168 710
558 215
165 498
533 183
181 134
411 614
784 680
469 394
800 795
564 738
680 460
208 187
526 623
200 622
418 366
711 774
348 138
757 158
627 579
354 212
619 461
499 590
601 107
331 489
277 159
260 174
210 763
564 106
101 798
737 687
145 253
213 136
204 313
208 392
515 312
196 579
556 292
671 525
447 246
225 562
121 264